2345
8105 31466
8313 32093
8052 31339
8306 32285
5408 26231
7867 31820
7066 31490
5292 26262
7735 31728
7394 31494
7965 31584
8194 31547
7217 31892
8039 32057
4915 25944
7972 32012
7664 32279
4955 26239
7922 32010
7895 31764
1055 22964
8278 31535
8084 32021
7926 32044
7859 31642
8314 31206
5324 25674
7859 32062
8177 32179
7846 31546
7680 32327
8194 32270
7693 31236
8293 32316
4906 26473
5417 25624
7793 31991
8166 31414
5106 26239
7934 31198
1053 22969
8205 31764
7834 31937
7855 32033
7822 32286
7611 32188
5402 25862
7360 31964
7865 32347
7823 32175
7786 31830
8294 31859
8125 32029
7062 31352
7688 32214
7620 32241
5035 25897
5097 26317
7871 32352
7642 31943
8009 32075
8250 31597
5402 26287
8019 31410
7966 32348
4844 26331
5192 25741
7179 31713
7962 32061
7591 32344
5067 26078
7483 31480
7666 31854
8232 31808
7507 32288
7262 31735
7528 31301
7802 31915
8254 31549
7280 31892
7831 31979
8222 31515
7938 31611
8305 31609
5068 26613
7926 32301
4922 26459
7747 32022
7054 31588
7795 31508
4994 25631
4941 26622
5375 26381
7690 31924
7132 31841
7916 31370
7674 32046
5316 26776
5123 26231
7214 31475
5006 26210
7703 32271
4883 25791
7619 32244
7776 31361
5302 26268
7743 31680
5326 25865
7223 31691
8083 31572
8136 31492
7280 31737
7677 31774
7691 31438
7131 31815
7927 31968
5277 25998
7710 32145
7999 32040
7812 31531
8324 31438
7626 32322
8325 31177
7991 32269
5308 25843
5018 26118
7372 31882
7625 32173
8149 31195
5408 26080
8235 31923
7279 31583
7410 31672
5161 26658
7696 31966
8078 31433
7627 31189
7077 31578
7984 31816
7709 31930
7950 31649
5311 25743
8059 32317
8052 31307
7076 31767
7992 31763
4899 26523
8302 32019
5373 25980
8205 31820
5303 26600
7613 32306
7748 31811
5037 26252
7641 31852
8280 31184
5262 25878
8083 31220
7266 31841
4978 26724
7698 31415
4903 26781
8030 32087
7857 32121
7614 31499
8281 31816
5017 26716
7798 31549
7549 31831
8187 31957
7201 31721
7435 31407
7768 31914
8249 31996
8096 32079
5187 26391
8177 31674
7344 31270
7548 31340
7535 31610
7558 31573
5121 26491
5354 26759
7239 31512
7893 31228
8120 31519
7365 31741
8040 31329
8279 31702
7792 31389
5439 26213
4891 25952
4955 26306
8194 31303
5195 25935
8017 32261
5432 26513
7270 31505
4927 26753
7127 31379
7999 32321
8275 32171
5282 25680
7681 31630
8101 31639
7086 31474
7367 31390
7118 31946
8178 32200
8186 32074
7153 31826
5115 25639
7667 31302
8105 31467
8100 31313
5100 26348
7841 31822
5075 26364
8059 32017
7852 31296
8319 31825
8023 31784
8181 32025
7767 31882
5394 26610
7989 31501
5434 26392
7646 31792
8218 31917
4912 25707
7584 32306
5148 25935
7858 31689
7281 31409
7987 31501
8118 31976
7073 31651
7769 31174
5026 25714
7725 32321
5235 25717
7664 31700
8065 32079
8061 31586
7707 32304
5350 26161
7448 31561
7670 31745
8022 32300
7714 31499
7322 31808
7381 31740
8273 31446
4957 25912
8272 32110
7720 31743
7761 31860
5117 26322
7311 31595
7630 32212
5172 25901
7596 31561
8207 31856
8285 32013
8201 31907
5016 26592
7786 32106
5411 26599
8260 31452
7348 31908
7505 31867
7664 32071
8102 32077
8107 31718
7670 31217
8199 31901
7818 31345
8307 32259
7955 32005
7769 31239
5080 26516
4919 26505
8248 31350
7764 31554
7198 31451
7722 31437
5233 25706
8215 31402
5201 26504
7641 32272
7769 31859
5357 26738
5097 26303
7570 31948
5417 26583
8028 31715
7261 31402
7802 31518
7452 31345
4991 26457
7882 31849
4833 26444
5138 25962
5034 25829
7099 31248
4928 25898
7905 31984
7396 31544
7876 31998
7978 32119
7920 31591
8065 32230
5076 26574
7454 31694
4915 25838
5300 26454
7182 31748
7780 32335
7679 31939
7817 31601
5333 25908
7326 31851
7694 31955
7671 31593
7585 31205
8293 31584
4937 26690
7636 31395
7206 31214
7545 32039
7650 31646
4825 25639
7394 31729
8136 31546
5437 26175
7312 31787
8273 31418
7445 31977
7278 31725
7613 31414
7893 31239
7345 31832
4951 26153
7490 31796
7447 31904
7911 31437
7391 31819
8303 31734
7855 31804
5314 26696
8032 32297
4851 26099
5179 26560
7911 32027
7654 31301
7600 32020
8197 31450
8319 32121
8328 31900
8155 32018
8100 31411
4957 26641
5078 26327
8243 31309
8095 32302
7729 31548
7888 31565
7541 31576
8052 31350
7497 31920
5399 26464
8039 32065
5322 26516
5267 26758
7536 31567
8274 31779
7119 31215
7366 31203
7855 31927
7062 31279
8171 31497
5273 25947
8316 31623
4993 26260
5204 26056
7398 31790
8035 31733
8118 32164
8072 32098
5367 25707
7403 31839
5418 25625
4906 26542
7106 31730
7312 31859
7231 31732
4876 26746
5067 25791
7530 31936
7869 31211
7143 31687
5134 26260
8256 31847
7742 31248
7890 32279
8069 31614
5125 25777
5030 25910
8315 31595
5063 25985
5125 26748
8212 31605
5037 25946
8271 32278
8016 31344
8326 31921
7925 31301
8202 32296
8288 31690
4864 26736
7164 31213
8081 31193
7681 31370
7744 32037
5289 26683
8316 31445
7259 31933
7554 31650
7451 31839
5289 26539
7632 31751
4990 25928
7588 31713
7734 32106
5118 26361
7373 31681
7388 31380
7845 31714
7620 32246
5319 25782
7581 31221
7825 31929
7278 31455
5308 26624
8220 32136
5286 25729
7195 31660
7806 31818
7248 31655
5397 26569
7376 31497
8093 32237
5281 26412
7466 31277
7412 31236
8134 31192
7336 31825
5004 26228
7279 31246
5397 26167
8131 31905
7266 31200
7406 31716
8139 31565
7670 31881
7580 31386
5062 26447
8151 31834
4881 26290
7826 31609
4937 25623
7819 31981
4945 26607
7373 31462
8255 31703
8263 31870
8125 31319
4973 26091
8245 32310
7517 32308
8309 31428
7432 31254
7481 31675
7901 32093
5410 26331
7483 32137
4845 26317
8105 32086
7813 32062
8189 32202
5332 26336
4900 26387
7160 31550
5114 25699
4986 25660
7061 31384
5184 26031
7458 31531
8213 31719
4972 26129
8159 32131
5015 25627
8114 32239
5394 26335
8180 32352
7937 31631
7428 31335
5347 26578
5007 26432
5079 26622
5237 25821
7539 32091
4963 26655
4973 25765
7943 32313
5348 26510
7414 31187
7185 31487
7080 31394
7728 31284
7819 32007
7482 31592
7736 31626
7543 31195
7345 31743
4953 26004
8023 32238
7534 31684
7654 32014
7450 31210
7306 31566
8315 31900
7892 31409
7740 31848
5024 26318
5375 25865
8113 31786
7895 31171
5178 26720
7951 31950
7567 31688
4830 25851
7297 31646
7141 31463
7304 31369
8232 31371
7416 31813
7626 31531
8222 31316
7909 32107
8275 31615
8011 31222
7869 32117
7905 31542
8069 31563
4857 26332
7884 32215
7506 31343
4872 26219
5417 26218
4893 26427
7655 31848
5275 26406
5233 25746
4880 26431
5122 26046
7422 31761
5018 25991
7297 31218
5044 25876
7828 31249
5225 26718
7770 31287
8010 31652
7742 31631
7755 31779
5201 26720
7190 31193
8286 31637
5424 26278
8224 32176
7695 31292
7588 31324
8027 32290
5380 26450
5032 26576
7274 31759
7870 31428
5186 26070
7368 31842
7734 32037
7478 32182
5379 25755
7710 32207
8042 31285
8269 31187
4816 25971
4981 25900
7536 32075
7531 32189
7790 32012
8162 32226
4821 26458
7287 31507
7741 31601
4839 26438
7557 31491
8003 31186
7986 31853
8189 32191
7929 31994
7065 31828
5124 26709
7328 31430
5261 26711
7282 31210
8206 32351
7172 31340
7998 32139
7792 31660
5351 26693
5181 26092
4811 26566
7599 31427
5034 26521
7561 31189
7190 31376
7855 31654
7670 32024
7894 32039
7824 31285
7748 31994
4968 25870
8092 31595
8261 31483
8083 32247
7565 32181
5233 26635
8130 32346
7513 32117
8002 32011
8080 31261
7976 31775
7201 31329
8065 31699
7366 31575
5192 25981
8212 31221
7476 31574
5338 25677
7904 32122
4847 26488
4848 26132
5054 26424
7592 32125
4952 25633
5316 26578
7938 31604
8166 31843
7137 31586
4909 26707
5213 25624
7751 31498
7348 31367
7643 32005
7600 31517
8213 31296
5194 26127
7788 31617
8281 31530
5280 26485
7811 31385
7765 32023
8228 32030
8042 32114
7881 32038
8249 32231
7633 31551
7535 31945
5213 26569
7548 31255
5427 26333
8111 31701
7834 31661
5172 26256
7232 31668
8006 31276
7713 31719
7583 32129
5239 26627
4996 26088
7996 31907
7657 31910
7845 32156
8119 31720
7542 32199
7584 31684
5231 26469
8033 31990
7798 31210
8295 32124
8233 32209
4857 26074
7458 31223
7389 31175
7530 32209
7858 32037
7592 31724
7505 31900
5076 26327
4926 25755
8329 31938
5085 26609
7073 31329
8151 32052
8194 31967
4815 26236
7071 31540
5009 26202
8099 32181
4918 25888
7315 31362
5032 26672
8152 31873
7954 32151
7805 32038
5258 26254
7076 31784
8309 32027
8235 31810
5204 26025
4814 26777
4849 25904
4807 25916
8077 32076
4860 26439
8239 32139
5013 26080
7938 31170
7742 31450
7391 31434
5310 26038
7696 32170
7538 31594
7109 31867
5182 26531
8062 31806
7079 31333
7375 31989
7984 32215
7408 31579
7422 31853
5077 25803
7252 31752
8218 32017
4979 26552
8235 31458
8096 31590
7913 31904
7582 31318
7488 31562
5161 25767
5081 26571
4952 26536
7939 31604
7705 31607
4927 26220
7758 31863
7782 31982
4812 26754
4830 26715
8296 31875
7563 31225
5038 26426
7392 31567
7093 31967
7632 32318
7081 31781
4893 26064
7178 31488
7904 31833
7692 32001
7239 31311
7893 31649
4924 25693
4809 25894
7377 31262
7326 31396
8163 31851
7088 31320
8036 32173
7636 31664
5216 26467
7729 31247
5301 26477
4903 25980
7127 31736
7613 32090
8160 31224
5118 26586
5091 26573
8052 32123
7735 31257
4862 26119
7754 32185
5276 26317
7920 31387
4838 26629
7316 31888
8048 31948
4979 25971
7110 31255
8323 31723
7965 31233
8140 31649
7200 31346
7152 31947
7713 31314
5358 26748
5266 26282
8238 31296
4960 26144
7937 31828
8225 31401
5245 25948
5233 26635
7739 31648
5167 26387
7714 31574
5032 26472
5355 25974
4887 25631
7154 31196
7730 31552
7978 32132
7938 32073
7327 31926
7815 32038
7855 32025
7965 31402
7094 31609
5154 25727
7901 32352
8276 31503
7814 31433
7179 31488
7380 31463
5291 26143
8089 32260
4835 26579
8203 31286
5238 26172
7771 31510
8243 31320
7354 31950
7542 31489
8243 31835
7685 31831
7539 31714
4825 26526
5281 26777
7645 31918
8105 31983
4959 25928
7566 31520
7077 31398
7378 31288
7693 31652
4881 26610
7414 31193
5265 26087
8265 31453
5211 25954
4830 26645
8239 31244
7836 31425
5288 26359
8192 32243
7135 31652
5129 25945
5384 25909
7356 31554
8322 31444
7840 31380
7492 32036
5106 26362
7890 31625
8232 32193
7986 32121
5150 25904
4819 26469
7784 32042
7887 31627
5071 26645
8000 31464
8244 31742
7664 31688
7566 31257
7776 31375
7698 32180
7228 31518
7164 31749
8144 31872
7564 32117
8091 31397
7611 32354
7719 31871
4827 25815
4831 26402
5107 26107
7948 31210
7073 31806
7736 32170
5396 26361
7957 31388
7855 32254
7725 32341
4883 26556
5395 26660
8058 31440
7131 31351
5321 26252
5392 26101
7059 31635
5191 25750
7782 31249
7594 32236
8255 31365
8307 31835
5072 26594
7824 31186
4853 26717
7820 31215
7480 31327
7433 31903
5047 26569
7235 31494
7509 32343
4839 26647
5045 25979
5018 25845
4818 26390
7322 31648
7465 31426
5391 25686
5171 26550
8234 31748
7783 32161
4836 26264
7054 31652
7633 31555
7163 31347
5396 25795
8039 32105
7705 31845
5364 26226
5043 25652
7400 31962
4917 25785
8152 31380
5268 25989
8092 31615
7643 31405
8260 32304
5179 26377
8165 31459
8029 31596
5403 26730
7415 31490
4930 26430
5195 26205
7094 31430
7153 31619
5069 25871
5225 25718
7157 31839
8180 31776
4808 26712
4960 25947
8055 31638
7347 31204
7727 32084
8122 32315
5223 26624
8071 32037
8260 31925
8077 31920
7513 32281
5107 26651
4996 26417
7928 31517
7626 31794
4971 25751
7448 31313
7156 31752
8200 31170
7297 31677
5362 26136
8169 31169
8077 31793
7927 31541
7773 32079
5430 26046
7999 31509
7427 31443
5232 25885
8071 31431
8208 31951
5120 26376
7306 31642
5091 26311
7980 31965
4891 26312
8006 32255
4919 26464
5359 26152
7564 31427
7953 31612
8122 31300
5288 26026
7175 31482
7191 31494
8128 31646
7696 32049
7686 32028
5268 25711
8270 31567
7502 31849
7201 31894
4826 25958
8174 31326
8059 32206
7777 31642
7767 31367
8127 32344
7594 32322
4894 26202
8014 31365
7285 31927
8106 31955
7657 31499
7858 31197
4928 26569
7887 31852
7497 31755
4935 26354
8028 31712
8148 32177
7882 31996
7404 31208
8222 32287
7695 32188
8145 32030
5200 25860
7666 31927
5347 25919
7611 31410
8117 32074
7879 32045
7899 31643
7576 31203
7420 31566
8122 31260
7191 31315
7835 31945
7965 31942
4903 26080
7435 31843
7683 31242
7815 31683
8184 31479
5422 26520
4994 25774
7937 31174
7804 31996
8322 32262
8264 31864
5422 26171
8193 31969
8020 31604
5146 25647
5408 26447
8285 31417
8038 31799
8080 31983
7378 31866
7849 32346
4993 26362
7670 32267
5273 26335
7515 31766
7657 31897
8039 32350
7550 31175
7881 32206
7897 31267
7388 31514
7792 31540
7081 31672
5357 25876
4904 25904
5155 25695
4928 26045
7437 31205
5405 26618
8309 32258
7916 32026
7126 31955
5390 26387
7599 31544
7448 31235
8128 31467
7595 31969
7616 31557
5283 26322
8244 31770
8238 31614
8190 31752
7693 32049
8115 31276
7309 31524
4887 25938
7254 31239
7339 31301
7908 31546
8291 31388
8202 31517
4872 26204
4849 25934
8326 31343
7845 31392
7357 31333
5326 26760
5136 26489
8114 31549
7185 31484
7999 32038
4967 25876
8323 31635
4833 25848
8045 31976
5304 26154
4864 26268
8156 32287
5334 25751
8187 32334
8290 32240
5257 26200
7613 31982
7404 31567
4922 26580
7635 31496
7620 32124
5315 25728
8096 32096
4896 25946
7593 31750
7140 31912
7987 31840
8026 31341
8047 31824
5047 25922
7496 31206
7655 31965
7915 32263
7216 31299
7724 32023
8056 32217
7547 32342
7164 31735
7994 32021
7862 31634
7959 31651
5437 26399
8325 32266
8125 31849
7378 31945
5384 26009
5128 26171
5238 25988
5314 26645
8113 31577
8000 32060
4843 26767
8222 32181
7974 31766
7528 32129
7314 31702
7847 31819
8288 31718
7466 31967
7676 31474
7790 31437
4979 26051
4950 25827
7695 32173
4999 26466
4850 26131
7823 31596
4930 26731
7488 31689
7701 31977
7396 31979
8273 31550
8296 31793
7915 32058
7273 31169
7335 31602
7323 31578
5373 26675
8206 31189
7927 31774
5314 26583
7699 31246
7122 31641
5219 25769
7893 31325
5054 25768
4940 26084
8097 31537
7604 32130
7263 31750
8252 31910
8330 32355
7123 31828
7655 31414
5016 26042
7181 31670
5267 25631
5226 26679
7320 31758
8155 32310
5187 25682
4951 26348
8039 31402
7796 31861
7692 31931
7326 31901
7699 31490
5187 26339
5358 25808
7968 31386
5363 25677
5361 25833
7344 31725
7594 31975
7553 31755
7313 31224
7811 31759
7517 31944
8293 32090
7862 32355
8100 32069
5127 25944
7237 31201
4880 26324
8323 31398
7972 31980
8168 32267
7698 31630
8026 32014
5254 26528
7113 31814
8016 32254
8221 31321
7831 31182
5091 26023
7597 32312
8234 31898
5411 26322
7718 31324
7370 31510
8117 32064
7300 31881
7308 31726
7926 31497
8234 31835
7609 31194
8155 32173
7213 31357
7563 31856
8135 32249
8014 32193
8194 31880
7593 31208
8092 32138
7490 31814
7168 31468
7690 31945
5208 25820
8237 31869
7753 32137
7648 31890
7989 32034
7448 31728
8241 31830
8299 32271
7562 31665
7592 32085
4969 26001
8325 31448
5203 26621
7680 32175
8278 31957
7615 31216
4937 25933
8112 32158
7459 31181
5046 25754
4888 26476
7893 31355
5219 25909
7636 32093
7643 32169
4878 26538
8090 31955
7367 31421
7563 31340
7187 31743
7541 32229
7393 31333
7254 31983
8280 31903
4978 26680
5134 26708
8100 32336
7294 31510
7943 31934
7297 31662
5138 26307
7639 31411
7594 31334
7936 31182
8015 32120
7516 31740
4932 26538
8127 31259
8074 31810
7868 31220
8128 31575
7456 31292
7378 31319
8071 31842
7921 31254
7795 31309
8322 31770
1089 22972
7345 31849
8287 31422
8193 31335
8095 31528
7883 31381
7414 31589
8281 31493
4808 26583
8307 31843
5037 25625
7860 31241
7131 31738
5113 25978
7583 31338
5225 26188
5300 26737
7333 31517
7554 32241
5322 26579
7930 32232
8109 32073
7536 32271
5181 26634
7799 32149
8206 31674
7827 31541
8000 31773
7493 31424
7776 31566
8086 32173
7660 32296
7950 31265
7755 31540
5282 26785
7566 31520
7884 32121
8316 31832
5154 26085
4957 26664
7121 31979
7732 31297
5429 25629
7887 31951
5095 25883
7812 32068
7179 31429
7597 32170
8156 31328
7911 32329
8300 31679
8000 31188
8284 32088
5331 26697
7297 31595
7569 31570
7964 31507
7325 31398
7772 31667
7584 31610
4953 26516
7322 31518
8305 31927
7319 31942
8022 31762
5280 25674
7437 31765
4817 26470
5265 26245
8145 32266
8038 31591
4942 26066
5340 25861
4943 26720
7928 31216
5436 26046
7667 32277
5329 26253
7743 31951
7478 31334
7900 31697
7384 31388
7624 32102
4998 25976
7216 31895
8307 32094
4961 26472
7548 31495
7718 31870
7624 31832
8205 31252
7860 31778
7266 31504
8052 31877
5242 26146
8271 31908
7460 31422
7259 31561
4830 26626
7678 32223
7319 31205
7193 31988
7965 32175
5317 25995
7546 31937
4834 25853
7961 31967
7629 31644
8223 31785
7132 31600
7313 31532
5387 25677
7553 32064
4997 26663
5433 25823
5385 26170
7331 31747
8294 31718
8236 32248
7761 31903
7371 31675
5203 25759
7951 31703
7175 31834
8262 31605
5234 26380
8039 31934
5168 26485
7226 31258
7958 32095
5332 26270
4852 26224
7052 31274
7537 31412
8312 31520
7470 31404
7962 31744
7519 31338
7582 31789
7577 31202
5414 26259
7713 31883
5062 25939
5254 26559
7263 31311
5163 26733
7926 31990
4824 26218
8225 31789
5230 25693
7453 31804
4821 25994
8000 32138
4888 26170
7487 32312
5170 26135
8114 31488
5039 25930
5084 25827
4847 26384
8214 31632
8123 32076
5066 26105
7947 31200
7387 31584
7259 31369
4898 26154
5278 26124
7776 31987
7962 32122
7782 31882
7051 31894
8309 31623
5427 26497
5211 26221
8125 31340
5421 25843
7075 31779
7511 31539
5048 25642
4832 26160
7286 31718
7621 31845
7994 31431
7510 32184
8015 31228
5097 26054
973 22970
8014 32022
8124 31971
7520 32018
5195 25884
5069 26070
8063 31885
8168 32330
8277 32294
7931 31523
7821 32318
7238 31535
5392 25771
7801 31488
5016 26713
5021 25737
7270 31859
1054 22963
7705 31333
7970 32056
7806 31389
5437 25905
7439 31347
8228 32228
7974 32141
8126 32186
7965 32062
7137 31739
7914 31280
7667 31738
7889 31258
8090 31226
7987 31791
7754 31263
4891 26650
7601 31349
8258 31807
8056 31369
8231 31299
4934 26547
8320 32249
5295 26520
7793 31974
5238 26045
8211 32016
5163 26691
7558 32325
7488 31975
5154 26559
7518 32277
8201 32260
7482 31342
7658 31939
7576 31330
8172 31619
4866 25752
7886 31261
8055 31431
7231 31680
7488 31587
7868 32270
5433 25919
5383 26686
4879 25780
7245 31236
4992 26128
7257 31361
5074 26176
4880 26614
7104 31279
7469 31308
7832 32084
8247 32261
7917 31803
7646 31410
7436 31716
8142 31304
7914 31177
8213 31648
5383 25972
7747 32035
4964 25648
7854 32159
5247 25861
7704 31678
7887 31998
5297 26035
7117 31669
8313 32314
8290 32236
7533 32210
7198 31922
7562 32173
8006 32087
7661 31469
5308 26190
8087 32352
7185 31493
8320 32173
7160 31421
8046 32345
8251 31211
8216 31814
5181 25715
8154 32167
8062 31291
7661 31685
7319 31280
8286 32341
8260 31750
5202 25638
7723 31479
8146 31737
7113 31986
8157 31804
7486 32111
5079 26483
7492 31572
8072 32052
7793 32053
8316 32239
7918 31760
7759 31511
7818 31637
7995 31935
8193 31724
4922 26235
5253 26369
7620 31236
4863 26177
8206 32125
7781 31446
8230 31481
7533 32353
7658 31405
8191 32194
7869 32327
7638 31557
7349 31295
8171 31762
4894 25644
8075 31422
7874 31670
7870 31833
7815 31359
7978 31736
5311 25961
5293 26776
8287 31424
7087 31977
7848 31320
5032 26540
8144 31346
5219 25915
8248 32330
8120 32093
7391 31484
5148 26565
8143 31710
8042 31991
7687 31169
7638 31958
5139 26677
8182 31500
7956 31182
7450 31532
8309 31262
7060 31484
5278 26049
5059 26707
8166 31378
4906 26526
7363 31787
7958 32300
8296 31333
7854 31927
7800 31557
8197 32231
7679 31207
7294 31735
7772 31737
5207 26315
7624 31386
8229 31673
7419 31899
4887 26441
5138 26141
7845 31200
4883 26018
7338 31962
5002 26308
7801 32063
5129 26030
5188 25919
7851 31797
5021 26636
8255 32003
5370 25951
7583 32239
5249 26357
8273 31227
7558 31849
7869 32092
8136 31324
7720 31652
4952 26375
7454 31197
7718 31864
4990 25636
8227 31963
7835 31784
7275 31846
7790 31555
7295 31677
4981 26087
5060 25918
8093 31782
5238 26723
7591 32323
7823 32325
4924 26363
5256 26082
8324 31557
8209 31832
7763 32278
5081 26467
7261 31173
7397 31577
7751 31553
4970 26580
7632 31772
7704 31335
7711 32111
7153 31859
8229 31291
7323 31808
8205 31626
7372 31600
5366 26305
4955 26232
7875 32298
7429 31619
7718 31808
8229 31195
5156 26494
7624 32233
4950 26372
5417 25974
7185 31267
8068 31885
5335 25839
4865 25739
5156 26497
7598 31500
4998 26009
7526 31248
5075 26060
7895 32153
7373 31710
8318 32275
7882 32335
8252 31876
7958 31467
7262 31607
7673 31341
5017 25650
5010 26051
5049 25784
4863 26144
5379 26517
7131 31712
7738 31779
8064 32163
8184 31851
7560 31623
5385 26442
5014 26141
8078 31518
5011 26627
5125 26647
5047 26469
8126 32027
7241 31719
8047 31740
5336 26721
7553 31678
5361 25782
8246 32338
7805 31695
7824 31943
8194 31873
7212 31492
4915 26647
5260 26715
7667 31659
7886 31600
7221 31982
7376 31715
7081 31849
7809 31570
8088 31489
7163 31590
7580 31875
5262 26548
8329 31757
5392 25917
8324 31861
5348 26784
5244 26372
7931 31894
5310 26200
8221 32107
5244 26229
7630 32150
7123 31479
7355 31845
7344 31366
8138 32241
5325 25635
7562 31189
5374 26623
7777 32246
7892 31861
7649 32192
7752 31526
7448 31518
7301 31738
7555 31650
7259 31602
7778 32114
7965 31529
8019 31228
7489 31462
8006 31910
5114 25647
4820 26437
8194 31919
7175 31464
4930 26680
8108 32056
7623 31341
8143 32150
7552 31703
5383 25802
5139 25996
8082 31460
5430 26533
7618 31546
7795 31442
8119 32270
8044 31645
7626 31178
7953 31971
5340 26124
4907 25967
5364 26043
7697 31980
4954 25738
7069 31264
4843 25725
7830 31563
5396 25759
7770 32032
7160 31487
7658 32352
8071 31753
7719 31835
7614 32223
5290 26724
4879 26245
4856 25677
7481 32220
7403 31780
7719 32229
7773 31525
7934 31924
8224 32170
8174 32280
8196 31213
5055 26183
7128 31852
8267 31770
7795 32010
4988 26065
8275 31779
7992 32229
7686 31489
8099 31585
7130 31827
5178 26388
7513 31289
5187 25833
5427 26524
7990 31787
7123 31868
7818 31556
7862 31232
7556 32188
8109 32116
4884 25947
8279 31506
4916 26308
7866 32163
7805 31952
8158 32074
7720 31993
7271 31587
7063 31455
5210 26054
7931 31959
7125 31374
5208 26006
5093 26574
5200 25962
7779 32006
7971 31824
7500 31189
7404 31459
7814 32041
8200 31439
4851 25843
7246 31257
7771 31598
8262 31580
7765 31731
8317 32014
7638 31588
4813 25809
8201 31920
5236 25713
4893 25915
7986 31768
7949 32163
8263 31522
5084 26672
7494 31836
5197 26493
8049 31320
4951 25906
7986 32047
7690 32249
8280 31949
7264 31705
7444 31769
7953 32164
7632 31235
7906 31895
7911 31376
5061 26042
8195 31663
8241 31907
5275 25921
7647 31219
7646 31180
7370 31731
5047 26381
7206 31233
8255 32349
8240 32324
7407 31918
4871 26733
5385 26036
7109 31226
5096 25667
4898 25959
7451 31306
7104 31686
7487 32193
7688 31766
7923 31852
4970 25784
7226 31523
8294 31816
7740 31738
4925 26445
5082 26741
7705 31558
7930 32188
5160 26251
8033 31510
7135 31265
7895 31399
7486 31405
8078 31393
7601 31489
8183 31833
7391 31964
7901 31811
8200 31331
7304 31365
5010 25654
7749 32039
7699 32298
5024 25991
4962 25922
4847 26431
7995 31392
8043 32271
5137 26352
7772 31702
7522 31865
5203 26585
5028 26288
8045 32355
7723 31558
7727 32187
8097 32325
4837 26549
4887 26702
7222 31656
7267 31794
8303 31519
5173 26264
7901 31489
5178 26324
4943 26726
7466 31504
4991 25816
8312 31260
5182 26626
8328 32272
7544 31466
7295 31653
5094 25756
7817 31750
7941 31373
4969 26198
7801 31696
7151 31448
7983 31414
7107 31510
7794 31288
8126 31540
5086 25826
7573 31584
7728 32135
7619 31651
8329 31909
7145 31733
7714 32000
7245 31290
7839 31803
4951 25949
4830 26598
7273 31598
8068 32327
7071 31394
8033 32068
4975 26216
7613 31783
7423 31890
8247 32261
7873 31476
4941 26149
4808 26495
7552 31866
7909 31886
7806 31757
8328 31329
5298 26237
7528 31517
8324 31330
7535 31916
7826 31762
8120 32232
8210 31693
4998 26322
7410 31553
8261 31579
7347 31182
7562 31424
7690 31266
7500 31712
4900 25780
8223 31877
7159 31536
7566 31566
7530 32313
5007 25677
8208 31690
7646 32051
7398 31844
5010 25916
7865 31458
5340 26049
7777 31982
8211 32334
7734 32307
7745 31848
5000 26704
8099 32187
7253 31373
8184 31980
8087 31475
4839 25739
7608 32272
8253 32232
8310 31509
5428 26233
5025 26219
7921 31505
7941 31674
7627 31891
5222 25882
7132 31306
8304 32252
8134 32222
7496 31324
4918 25623
8297 31436
8145 32130
7721 31639
7685 32179
8006 31563
7486 31477
7496 31504
7852 31775
4839 26287
5163 26025
7925 31239
7191 31245
8049 31235
5379 26287
4819 26310
7364 31685
7757 31722
5159 25973
5424 26189
7225 31493
7740 31801
7740 31453
992 22964
7088 31896
5333 25663
7658 32235
8094 31551
8152 32135
5047 26782
7753 31975
4836 26139
7914 31634
7775 31596
4816 25825
5210 25889
8063 32269
5050 26108
7271 31257
5267 26711
5052 26095
7119 31522
7975 31599
7754 31306
5009 26535
5149 26163
5258 25952
7736 31841
4823 26459
4932 26020
7638 31393
8129 31321
8008 31547
7525 32287
7899 31755
7885 32149
8287 31658
5355 26663
5156 25946
8108 31484
7195 31981
7354 31343
8220 31286
5014 25790
7549 32336
7675 31843
7438 31912
4998 25699
7555 32099
5278 26307
4963 26207
7983 31586
7464 31541
7835 32311
7571 31798
8112 32122
7316 31944
7525 31588
4946 26553
7551 32138
7583 32031
7909 31910
7165 31952
4916 26324
8098 32295
5380 26132
4865 25970
7901 31712
7889 31434
7141 31741
5285 26684
7722 32085
8052 31771
7728 31824
8290 31177
7239 31394
8085 31191
7909 31170
7249 31548
8177 31318
8069 31802
5013 26025
8179 32022
7870 32218
4853 26314
7258 31424
7703 31339
7914 32219
8203 32203
4887 26164
7858 31280
7195 31587
7827 31663
7751 32057
7454 31346
5041 26310
7419 31626
7427 31367
7190 31697
7718 31724
8064 32055
8143 31904
7884 32258
5018 26731
7307 31651
8086 31657
7082 31363
8220 32202
8290 32176
7445 31566
7385 31528
8002 32006
8044 31342
5078 25756
7715 31312
4962 26463
7999 31856
8040 32009
7795 32047
7292 31540
7894 31792
7801 31926
7754 31839
7977 31675
5160 25852
7860 31793
7825 32319
5328 26509
7863 31758
5179 26315
7363 31533
7770 31495
7948 32076
7416 31427
7588 32248
7955 31432
7645 31238
7822 31233
7700 31343
8330 31651
5244 26351
4838 26028
7406 31347
5279 26601
7113 31707
8102 31762
7394 31497
7616 32115
7476 31921
8292 31993
7813 32210
7325 31301
7808 31864
4993 25738
7291 31735
7438 31602
5389 26282
5270 25908
8319 32200
8000 31867
8005 32021
5300 25775
5198 26703
5426 26164
7070 31558
7181 31758
8197 31284
8086 32121
7577 31292
4909 26657
8297 32126
7098 31421
8166 31968
5289 25629
7161 31690
7369 31785
5076 26523
8143 31893
5380 26743
8312 31227
7598 31738
8186 32157
5201 26334
7909 31529
