219
1
10
3
12
32
10560
2
3
4
5
6
7
8
9
10
60
56
72
82
77
85
52
54
98
88
72
88
67
90
98
64
61
96
85
52
91
86
62
86
82
865
758
590
940
714
732
890
648
890
695
569
525
740
750
770
836
672
828
520
980
603
852
600
765
671
9284
7680
7819
6092
5995
7720
7520
9352
7508
8395
9000
5900
6050
6425
7269
9248
5336
7874
8452
8304
8830
6498
6113
6764
8730
69416
57896
67600
90682
99417
85061
79209
63040
54674
62384
91848
75136
86214
65175
86434
94846
50339
87752
64800
57125
57042
75068
79600
86684
83614
548892
979428
875730
561950
571759
505354
928432
616640
538530
819540
645353
938756
880688
846138
959380
788575
884580
969029
957089
515424
879377
658421
977624
544624
775129
7842244
9317336
6390272
9671628
9154023
5489465
5324600
5690646
7730183
9353280
9148008
6373530
7147203
8653422
8730360
9125687
9550748
9637504
7329593
9338470
7637288
5553792
9327672
7464530
5525420
62971700
67254253
57106260
64094679
59773004
66728058
74329930
95750064
83759808
52364096
99379095
61628142
86439820
81216565
89842186
55715951
87484225
68699100
58630544
52453532
84958587
62839050
51079100
97233592
52483720
549499835
941178112
853464416
811662846
792777524
666673580
643309490
537232832
504099761
638322100
751046062
590034209
878556941
674371598
696185159
524593550
569367752
609825072
960377328
528452315
798931476
909138060
611723830
849846275
540250874
1220703125
896045159
2147483647
2147483648
